{
  "advancedEditorSelectedIdentifier" : "ProjectBrowser",
  "openSceneRelativePaths" : [
    "Scene.usda",
    "DogScene.usda",
    "FishScene.usda",
    "BirdScene.usda",
    "DeathScene.usda"
  ],
  "recentIdentifiers" : {
    "0E4281F6-94D9-4C4C-959B-0EC8E7FFE031" : [

    ],
    "F2DF5FA2-3D9B-460E-A79D-BE4C991E026E" : [

    ]
  },
  "sceneCameraHistory" : {
    "0E4281F6-94D9-4C4C-959B-0EC8E7FFE031" : [
      {
        "date" : 738763189.344947,
        "title" : "Untitled",
        "transform" : [
          0.99999994,
          0,
          0,
          0,
          0,
          0.8660254,
          -0.49999988,
          0,
          0,
          0.49999988,
          0.8660254,
          0,
          0.11388772,
          0.23492804,
          0.32230514,
          1
        ]
      },
      {
        "date" : 738763026.526773,
        "title" : "Untitled",
        "transform" : [
          0.99999994,
          0,
          -0,
          0,
          -0,
          0.8660254,
          -0.49999988,
          0,
          0,
          0.49999988,
          0.8660254,
          0,
          0,
          0.19829424,
          0.3434557,
          1
        ]
      }
    ],
    "0FBEE7AA-0DD2-4A66-BB6C-F02BDB9ABEED" : [
      {
        "date" : 738759493.165763,
        "title" : "Untitled",
        "transform" : [
          0.98657185,
          1.3613974e-09,
          0.16332747,
          0,
          0.05354816,
          0.94472706,
          -0.32345515,
          0,
          -0.15429991,
          0.32785767,
          0.9320413,
          0,
          -0.19015273,
          0.71643764,
          1.8326977,
          1
        ]
      },
      {
        "date" : 738759066.563632,
        "title" : "Untitled",
        "transform" : [
          0.98657185,
          1.3613974e-09,
          0.16332747,
          0,
          0.05354816,
          0.94472706,
          -0.32345515,
          0,
          -0.1542999,
          0.32785764,
          0.93204117,
          0,
          -0.31238616,
          1.176976,
          3.010787,
          1
        ]
      },
      {
        "date" : 738759060.113252,
        "title" : "Untitled",
        "transform" : [
          0.99999994,
          0,
          0,
          0,
          0,
          0.8660254,
          -0.49999988,
          0,
          0,
          0.49999988,
          0.8660254,
          0,
          0.0028897568,
          1.6708381,
          2.7755854,
          1
        ]
      },
      {
        "date" : 738759057.862801,
        "title" : "Untitled",
        "transform" : [
          0.99999994,
          0,
          0,
          0,
          0,
          0.8660254,
          -0.49999988,
          0,
          0,
          0.49999988,
          0.8660254,
          0,
          0.002551012,
          1.4982226,
          2.4904847,
          1
        ]
      },
      {
        "date" : 738759051.953447,
        "title" : "Untitled",
        "transform" : [
          0.99999994,
          0,
          -0,
          0,
          -0,
          0.8660254,
          -0.49999988,
          0,
          0,
          0.49999988,
          0.8660254,
          0,
          0,
          0.19829424,
          0.3434557,
          1
        ]
      }
    ],
    "3C058F89-DC59-4DBB-A955-B0DCC3E08619" : [
      {
        "date" : 738759489.983983,
        "title" : "Untitled",
        "transform" : [
          0.99999994,
          0,
          0,
          0,
          0,
          0.8660254,
          -0.49999988,
          0,
          0,
          0.49999988,
          0.8660254,
          0,
          0.6757289,
          1.1718413,
          1.959684,
          1
        ]
      },
      {
        "date" : 738759197.661771,
        "title" : "Untitled",
        "transform" : [
          0.99999994,
          0,
          0,
          0,
          0,
          0.8660254,
          -0.49999988,
          0,
          0,
          0.49999988,
          0.8660254,
          0,
          1.4412788,
          3.8053207,
          6.3270874,
          1
        ]
      },
      {
        "date" : 738759179.061173,
        "title" : "Untitled",
        "transform" : [
          0.99999994,
          0,
          0,
          0,
          0,
          0.8660254,
          -0.49999988,
          0,
          0,
          0.49999988,
          0.8660254,
          0,
          -0.34066343,
          5.315006,
          5.455471,
          1
        ]
      },
      {
        "date" : 738759112.113804,
        "title" : "Untitled",
        "transform" : [
          0.99999994,
          0,
          0,
          0,
          0,
          0.8660254,
          -0.49999988,
          0,
          0,
          0.49999988,
          0.8660254,
          0,
          -4.05768,
          4.6207366,
          5.856307,
          1
        ]
      },
      {
        "date" : 738759109.379464,
        "title" : "Untitled",
        "transform" : [
          0.99999994,
          0,
          0,
          0,
          0,
          0.8660254,
          -0.49999988,
          0,
          0,
          0.49999988,
          0.8660254,
          0,
          -9.50196,
          10.458156,
          13.0942955,
          1
        ]
      },
      {
        "date" : 738759105.84111,
        "title" : "Untitled",
        "transform" : [
          0.99999994,
          0,
          0,
          0,
          0,
          0.8660254,
          -0.49999988,
          0,
          0,
          0.49999988,
          0.8660254,
          0,
          0.00019555405,
          0.2698369,
          0.46149614,
          1
        ]
      },
      {
        "date" : 738759100.475996,
        "title" : "Untitled",
        "transform" : [
          0.99999994,
          0,
          -0,
          0,
          -0,
          0.8660254,
          -0.49999988,
          0,
          0,
          0.49999988,
          0.8660254,
          0,
          0,
          0.19829424,
          0.3434557,
          1
        ]
      }
    ],
    "16C77EF0-DB15-4269-80BD-875412433CFE" : [
      {
        "date" : 738759679.44703,
        "title" : "Untitled",
        "transform" : [
          0.82313657,
          1.4580348e-08,
          -0.56784356,
          0,
          -0.2998239,
          0.84924155,
          -0.43461975,
          0,
          0.48223636,
          0.5280045,
          0.6990417,
          0,
          0.2814348,
          0.32817918,
          0.41777444,
          1
        ]
      },
      {
        "date" : 738759636.914557,
        "title" : "Untitled",
        "transform" : [
          0.8213998,
          1.4580348e-08,
          -0.5703529,
          0,
          -0.30114886,
          0.84924155,
          -0.43370274,
          0,
          0.48436743,
          0.5280045,
          0.6975668,
          0,
          1.0411605,
          1.205002,
          1.493971,
          1
        ]
      },
      {
        "date" : 738759635.050006,
        "title" : "Untitled",
        "transform" : [
          0.8213998,
          1.4580348e-08,
          -0.5703529,
          0,
          -0.30114886,
          0.84924155,
          -0.43370274,
          0,
          0.48436743,
          0.5280045,
          0.6975668,
          0,
          1.3947918,
          1.6138015,
          1.9961271,
          1
        ]
      },
      {
        "date" : 738759038.278948,
        "title" : "Untitled",
        "transform" : [
          0.8213998,
          1.4580348e-08,
          -0.5703529,
          0,
          -0.30114886,
          0.84924155,
          -0.43370274,
          0,
          0.48436737,
          0.52800447,
          0.69756675,
          0,
          2.066461,
          2.3902543,
          2.9498968,
          1
        ]
      },
      {
        "date" : 738759015.28007,
        "title" : "Untitled",
        "transform" : [
          0.83427995,
          1.4580348e-08,
          -0.5513412,
          0,
          -0.29111058,
          0.84924155,
          -0.4405035,
          0,
          0.4682218,
          0.52800447,
          0.7085051,
          0,
          1.237655,
          1.4808255,
          1.861719,
          1
        ]
      },
      {
        "date" : 738759006.025244,
        "title" : "Untitled",
        "transform" : [
          0.86839944,
          5.4643605e-09,
          -0.49586514,
          0,
          -0.15816393,
          0.94776624,
          -0.27698958,
          0,
          0.4699643,
          0.31896564,
          0.8230397,
          0,
          2.172798,
          1.5543061,
          3.7914093,
          1
        ]
      },
      {
        "date" : 738758996.194083,
        "title" : "Untitled",
        "transform" : [
          0.99999994,
          0,
          -0,
          0,
          -0,
          0.8660254,
          -0.49999988,
          0,
          0,
          0.49999988,
          0.8660254,
          0,
          0,
          0.19829424,
          0.3434557,
          1
        ]
      }
    ],
    "26DBAE76-5DD8-47B6-A085-1B4ADA111097" : [
      {
        "date" : 738758855.411907,
        "title" : "Untitled",
        "transform" : [
          0.99999994,
          0,
          -0,
          0,
          -0,
          0.8660255,
          -0.49999988,
          0,
          0,
          0.49999988,
          0.8660255,
          0,
          0,
          0.19863887,
          0.34425265,
          1
        ]
      }
    ],
    "DB1644EA-2A4F-44D0-971A-3D2DD02F4082" : [
      {
        "date" : 738759533.848842,
        "title" : "Untitled",
        "transform" : [
          0.7530811,
          1.443671e-09,
          0.65792775,
          0,
          0.1251014,
          0.98175603,
          -0.1431943,
          0,
          -0.64592445,
          0.19014461,
          0.739342,
          0,
          -0.09608416,
          0.099825576,
          0.4118973,
          1
        ]
      },
      {
        "date" : 738759507.750067,
        "title" : "Untitled",
        "transform" : [
          0.7530811,
          1.443671e-09,
          0.65792775,
          0,
          0.1251014,
          0.98175603,
          -0.1431943,
          0,
          -0.64592445,
          0.19014461,
          0.739342,
          0,
          -0.14012855,
          0.16152255,
          0.3575508,
          1
        ]
      },
      {
        "date" : 738759505.208512,
        "title" : "Untitled",
        "transform" : [
          0.74712753,
          1.443671e-09,
          0.6646808,
          0,
          0.12638545,
          0.98175603,
          -0.14206226,
          0,
          -0.6525543,
          0.19014461,
          0.733497,
          0,
          -0.28079927,
          0.29102013,
          0.68343097,
          1
        ]
      },
      {
        "date" : 738759377.8327,
        "title" : "Untitled",
        "transform" : [
          0.75062674,
          1.7584227e-09,
          0.66072655,
          0,
          0.19562025,
          0.9551667,
          -0.22223687,
          0,
          -0.63110393,
          0.29606843,
          0.7169737,
          0,
          -0.25552905,
          0.3641898,
          0.660205,
          1
        ]
      },
      {
        "date" : 738759087.175217,
        "title" : "Untitled",
        "transform" : [
          0.75062674,
          1.7584227e-09,
          0.66072655,
          0,
          0.19562025,
          0.9551667,
          -0.22223687,
          0,
          -0.63110393,
          0.29606843,
          0.7169737,
          0,
          -0.60224575,
          0.502576,
          1.5345628,
          1
        ]
      },
      {
        "date" : 738759071.65797,
        "title" : "Untitled",
        "transform" : [
          0.98712194,
          -4.5450292e-09,
          0.15996993,
          0,
          0.01109969,
          0.9975898,
          -0.06849248,
          0,
          -0.15958434,
          0.06938603,
          0.9847429,
          0,
          0.28628626,
          0.13703115,
          1.6949836,
          1
        ]
      },
      {
        "date" : 738759024.987476,
        "title" : "Untitled",
        "transform" : [
          0.9855697,
          -2.8614904e-09,
          0.16927013,
          0,
          0.04948361,
          0.95631593,
          -0.2881166,
          0,
          -0.1618757,
          0.2923351,
          0.9425161,
          0,
          0.28267857,
          0.4965669,
          1.6263634,
          1
        ]
      },
      {
        "date" : 738758978.259833,
        "title" : "Untitled",
        "transform" : [
          0.9881148,
          -3.7789687e-09,
          0.15371747,
          0,
          0.028182335,
          0.9830498,
          -0.18115947,
          0,
          -0.1511119,
          0.18333845,
          0.97136605,
          0,
          0.30096138,
          0.32095808,
          1.6670955,
          1
        ]
      },
      {
        "date" : 738758969.826004,
        "title" : "Untitled",
        "transform" : [
          0.6347372,
          -3.7778873e-09,
          0.772728,
          0,
          0.17358766,
          0.9744412,
          -0.14258903,
          0,
          -0.75297815,
          0.22464263,
          0.6185142,
          0,
          -0.86387247,
          0.38754272,
          1.4391437,
          1
        ]
      },
      {
        "date" : 738758966.829414,
        "title" : "Untitled",
        "transform" : [
          0.9999726,
          0,
          0.0074004447,
          0,
          0.0037002217,
          0.8660254,
          -0.4999862,
          0,
          -0.0064089736,
          0.49999988,
          0.86600167,
          0,
          0.54091835,
          0.83016485,
          1.4079875,
          1
        ]
      }
    ],
    "F2DF5FA2-3D9B-460E-A79D-BE4C991E026E" : [
      {
        "date" : 738758926.774604,
        "title" : "Untitled",
        "transform" : [
          0.50322163,
          7.370158e-10,
          -0.8641573,
          0,
          -0.5984003,
          0.7214497,
          -0.34846428,
          0,
          0.62344617,
          0.6924668,
          0.36304915,
          0,
          0.5236764,
          0.60416836,
          0.32173806,
          1
        ]
      },
      {
        "date" : 738758911.172862,
        "title" : "Untitled",
        "transform" : [
          0.99999994,
          0,
          -0,
          0,
          -0,
          0.8660254,
          -0.49999988,
          0,
          0,
          0.49999988,
          0.8660254,
          0,
          0,
          0.19829424,
          0.3434557,
          1
        ]
      }
    ]
  },
  "selectedSceneRelativePath" : "DogScene.usda"
}